9211790326200262256 1 0 0 0 0
14714691212286693785 1 0 0 0 0
14714692248920982727 1 0 0 0 0
14714678727481050529 1 0 0 0 0
14714687724236654962 1 0 0 0 0
14714691398082672435 1 0 0 0 0
14714686876619333448 1 0 0 0 0
14714783126345128430 1 0 0 0 0
14714783161888893799 1 0 0 0 0
14714001068126306446 1 0 0 0 0
14714689227541379865 1 0 0 0 0
9211790313713485567 1 0 0 0 0
14714782924856953855 1 0 0 0 0
14714685180068484156 1 0 0 0 0
14714693578721163202 1 0 0 0 0
14713970905996162312 1 0 0 0 0
14713970825222335529 1 0 0 0 0
14713971270487063722 2 0 0 0 0
14713971289527181679 1 0 0 0 0
14713969437761477462 1 0 0 0 0
14713970089784662677 1 0 0 0 0
14714688395145539037 2 0 0 0 0
14714009124706716050 1 0 0 0 0
14714688636734378523 1 0 0 0 0
14713970073571405473 1 0 0 0 0
14714735164566872892 1 0 0 0 0
9211790326236590206 0 0 0 0 0
14714734764744664018 1 0 0 0 0
14714685484597559464 1 0 0 0 0
14714783325233221450 1 0 0 0 0
14713976733574820592 1 0 0 0 0
14714690387155937424 1 0 0 0 0
14713976744822409138 1 0 0 0 0
14714691511992948306 1 0 0 0 0
14713970501181534274 1 0 0 0 0
14713970513002258168 1 0 0 0 0
14714782718976439645 1 0 0 0 0
9211792698411134061 0 0 0 0 0
9211792655634908083 1 0 0 0 0
9211790612464636271 1 0 0 0 0
9211792690403619973 1 0 0 0 0
9211792690773757192 1 0 0 0 0
9211790316212023610 1 0 0 0 0
9211792645061290681 1 0 0 0 0
9211790263529249894 1 0 0 0 0
14714701451418825230 1 0 150 0 0
14714701668670825337 1 0 0 0 0
14714007782576356510 1 0 0 0 0
14714008464757699378 1 0 0 0 0
9211790142644247817 1 0 0 0 0
14714011142557141517 1 0 0 0 0
14714689950490088427 1 0 0 0 0
14713975135702279663 2 0 0 0 0
14714689932746399143 1 0 0 0 0
14713976325023847263 1 0 0 0 0
14714685753114927156 1 0 0 0 0
14713976398272315099 1 0 0 0 0
14714009148730210293 1 0 0 0 0
14714692607011023083 1 0 0 0 0
14714011321372683183 1 0 0 0 0
14714692536752810023 1 0 0 0 0
14714015294446235644 1 0 0 0 0
14713970851440316437 2 0 0 0 0
14713976446385217291 1 0 0 0 0
14714687724236430876 1 0 0 0 0
14714688614119592648 1 0 0 0 0
14714015095492044205 1 0 0 0 0
14713976057288172360 1 0 0 0 0
14714693011489956259 1 0 0 0 0
14714734698305024978 1 0 0 0 0
14714689427541225136 1 0 0 0 0
14714007712651569341 1 0 0 0 0
9211790323705947676 1 0 0 0 0
14713970093996818781 1 0 0 0 0
14713970863188159693 1 0 0 0 0
14713968349571751806 1 0 0 0 0
14714011323554000647 2 0 0 0 0
9211790309744207004 1 0 0 0 0
14714690406616516519 1 0 0 0 0
14714678597006452081 1 0 0 0 0
14714698550449732692 1 0 0 0 0
14714783518121544704 1 0 0 0 0
14714692546488714412 1 0 0 0 150
14714692372580744456 1 0 0 0 0
9211792674260722253 1 0 0 0 0
14714701696731796756 1 0 0 0 0
14713970863191550748 1 0 0 0 0
14714784672083961811 2 0 0 0 0
14713967222634133249 1 0 0 0 0
14714685235465971137 1 0 0 0 0
14714678856773069606 1 0 0 0 0
14714693657175907400 1 0 0 0 0
14714688727791105292 1 0 0 0 0
14714685491913872577 1 0 0 0 0
14714690540947197655 1 0 0 0 0
14714693243605561952 2 0 0 0 0
14713976549092807666 1 0 0 0 0
14714688382882942735 1 0 0 0 0
14713975796130159210 1 0 0 0 0
14714731449154705796 1 0 0 0 0
14714691283406772001 1 0 0 0 0
14713968368670372230 1 0 0 0 0
14714685329462109499 3 0 0 0 0
14714734953244083440 1 0 0 0 0
14713908488590367949 1 0 0 0 0
14713968458033724098 1 0 0 0 0
14713970930789064570 1 0 0 0 0
14713970037013916643 1 0 0 0 0
14713963241209430728 1 0 0 0 0
14714690421010531971 1 0 0 0 0
14714689044220201488 1 0 0 0 0
14714001327396798709 1 0 0 0 0
14713967230514015631 1 0 0 0 0
14714008996465217242 0 0 0 0 0
14714009199042566585 1 0 0 0 0
14714690245069173367 1 0 0 0 0
14714782783023980854 1 0 0 0 0
14714689017149625960 1 0 0 0 0
14714685846412903385 1 0 0 0 0
14713975153761694626 1 0 0 0 0
14714782652814922564 1 0 0 0 0
14713975161651612591 1 0 0 0 0
14713975933728510913 1 0 0 0 0
14714698645953121342 1 0 0 0 0
14713975896875304039 1 0 0 0 0
14714731169306910333 1 0 0 0 0
14714012620411372822 1 0 0 0 0
14713968379886529386 1 0 0 0 0
14714735236427666704 1 0 0 0 0
14714008549296452683 1 0 0 0 0
14713976423979544184 1 0 0 0 0
14714011178582094047 1 0 0 0 0
14713976694701174717 1 0 0 0 0
14713975972269312534 1 0 0 0 0
14714011104461019356 1 0 0 0 0
14713967185467324537 1 0 0 0 0
14714008229505622104 1 0 0 0 0
14713975901488895126 1 0 0 0 0
14713908499880333916 0 0 0 0 0
14713908399206713433 1 0 0 0 0
14713976318094576681 1 0 0 0 0
14714782829749740989 1 0 0 0 0
9211790299914905929 1 0 0 0 0
14714735165558484990 1 0 0 0 0
14714010973604070148 1 0 0 0 0
14713976358779980845 1 0 0 0 0
14714731941213537328 1 0 0 0 0
14714692917883135072 1 0 0 0 0
14714008299051482280 1 0 0 0 0
14714689365363592294 1 0 0 0 0
14714702366955588933 1 0 0 0 0
14714008795695547196 1 0 0 0 0
14713970920565048481 1 0 0 0 0
14714685677808111796 1 0 0 0 0
14713975155258414382 1 0 0 0 0
14714015166947061116 1 0 0 0 0
14714733249088874227 1 0 0 0 0
14714732405563351748 1 0 0 0 0
14714691450368848555 1 0 0 0 0
14714688467182753583 1 0 0 0 0
14713962962822899351 1 0 0 0 0
14714783154348525123 1 0 0 0 0
14714693675127920979 1 0 0 0 0
14713962827045070783 1 0 0 0 0
14713976701145064172 1 0 0 0 0
14714698520269008298 1 0 0 0 0
14714015167099011004 1 0 0 0 0
14713968352386267082 2 0 0 0 0
14714685105700019129 1 0 0 0 0
14713975122177717506 1 0 0 0 0
14713975783037402501 1 0 0 0 0
14714691323418605817 1 0 0 0 0
14714689252231565780 1 0 0 0 0
14714686951072872323 1 0 0 0 0
14714692981714670283 1 0 0 0 0
14714733276715651000 1 0 0 0 0
14713975201777227744 3 0 0 0 0
14713970348585591451 1 0 0 0 0
14714691581558360962 1 0 0 0 0
14714698458010966817 1 0 0 0 0
14714698461445388116 1 0 0 0 0
14713975141394148185 1 0 0 0 0
14714009068295739865 1 0 0 0 0
14713970870405463968 1 0 0 0 0
14714014854238149876 1 0 0 0 0
14714008987664691501 1 0 0 0 0
14714691398082962479 1 0 0 0 0
14714731437848682911 1 0 0 0 0
14713908670355053811 1 0 0 0 0
14714698619798890111 1 0 0 0 0
14714783026267766770 1 0 0 0 0
14714691303199664809 1 0 0 0 0
14714008717965259713 1 0 0 0 0
14714784487732218577 1 0 0 0 0
14713970920565048957 1 0 0 0 0
14713971364398662751 1 0 0 0 0
14714688824035283457 1 0 0 0 0
14713963063395619794 1 0 0 0 0
14713976849291878068 1 0 0 0 0
14713970831565231129 1 0 0 0 0
14714691480417788878 1 0 0 0 0
14714735176162345023 1 0 0 0 0
14714007879727182556 1 0 0 0 0
14714686970909763422 1 0 0 0 0
14714689413895343955 1 0 0 0 0
14714692326008222372 1 0 0 0 0
14714689357431575365 1 0 0 0 0
14714698530546323522 1 0 0 0 0
14714691229919193073 1 0 0 0 0
14714690411724244956 1 0 0 0 0
14714689443065103944 1 0 0 0 0
14714691233529454436 2 0 0 0 0
14714690772279419189 1 0 0 0 0
14714685242521953060 1 0 0 0 0
14714690215186935177 1 0 0 0 0
14714688897159838985 1 0 0 0 0
14714782738933343961 1 0 0 0 0
